Region of interest starting:  100 | 100 ending:  156 | 156 
Values shown below are: Frame num, hor average, ver average, average length 
   1    511.000000    511.000000    722.663130 
   2    510.824561    510.837181    722.424766 
   3    512.050423    510.758645    723.262170 
   4    512.679301    510.705066    723.690878 
   5    513.361243    510.583473    724.102524 
   6    514.547356    510.044193    724.606534 
   7    513.811187    510.225006    724.211426 
   8    513.319117    511.482679    724.733705 
   9    512.483324    510.617262    723.501459 
  10    512.455674    510.239956    723.231743 
  11    514.381796    510.222604    724.636607 
  12    513.866230    511.072398    724.891424 
  13    512.696481    510.595590    723.717497 
  14    512.986980    510.487102    723.795301 
  15    514.496149    510.229143    724.767922 
  16    516.511387    509.688282    725.854097 
  17    515.913054    509.381868    725.249710 
  18    512.896865    510.380234    723.653715 
  19    510.523206    511.548286    722.788721 
  20    514.534479    510.274715    724.757248 
  21    516.698841    509.928678    726.122452 
  22    516.828162    508.525986    725.307197 
  23    516.969784    509.993698    726.487459 
  24    514.655269    510.875960    725.379756 
  25    514.106696    511.092298    725.039580 
